342 280 1.110 163 0.00044 62661 59664 906 348 240 1078 0.75237 1.00000 -6.00 67.00 17.00 1.000000 1 17.00 35.00 3.00 1
352 -280 1.110 127 0.00064 56458 55058 921 311 0 0 0.69170 1.00000 -6.00 67.00 17.00 1.000000 0 0.00 35.00 3.00 1
506 260 1.150 175 0.00127 141294 139952 589 213 36 148 0.85199 1.00000 -6.00 73.00 25.00 1.000000 1 17.00 35.00 2.50 1
490 -420 1.060 97 0.0063 125852 121739 1475 2524 0 0 0.75342 1.00000 -6.00 90.00 40.00 1.000000 0 0.00 60.00 4.50 1
480 420 1.060 85 0.0065 104664 100774 1197 1889 708 4 0.74684 1.00000 -6.00 90.00 40.00 1.000000 1 20.00 60.00 4.50 1
576 -420 1.060 258 0.0026 223773 209878 5075 8484 0 0 0.87995 1.00000 -6.00 90.00 40.00 1.000000 0 0.00 60.00 4.50 0
575 420 1.060 137 0.0024 118154 108942 2974 4532 1519 8 0.88840 1.00000 -6.00 90.00 40.00 1.000000 1 20.00 60.00 4.50 0
549 -260 1.150 180 4.100e-04 70241 68831 1008 230 0 0 0.94108 1.00000 -6.00 73.00 25.00 1.000000 0 0.00 40.00 3.00 0 
545 260 1.150 171 4.100e-04 67086 65384 964 233 18 179 0.94151 1.00000 -6.00 73.00 30.00 1.000000 1 15.00 35.00 3.00 0 
425 -460 1.047 109 2.100e-03 77378 73388 1171 2727 0 0 0.74526 1.00000 -6.00 100.00 42.00 1.000000 0 0.00 75.00 4.50 1 
432 460 1.047 109 2.300e-03 95192 89128 1420 3246 1259 41 0.89370 1.00000 -6.00 100.00 42.00 1.000000 1 20.00 75.00 4.50 1 
423 -540 1.030 88 3.300e-03 87128 80062 1504 5484 0 0 0.82105 1.00000 -6.00 112.00 66.00 1.000000 0 0.00 80.00 4.50 1 
569 -560 1.030 99 3.300e-03 80021 68231 2245 9258 0 0 0.93669 1.00000 -6.00 55.00 17.00 1.000000 0 0.00 35.00 4.70 0 
566 560 1.030 97 1.700e-03 74959 60144 1800 8405 4381 38 0.89356 1.00000 -6.00 55.00 22.00 1.000000 1 20.00 35.00 4.70 0 
412 560 1.030 116 4.000e-03 103486 89878 1645 7651 4101 48 0.90344 1.00000 -6.00 55.00 20.00 1.000000 1 18.00 30.00 4.70 1 
445 -700 1.020 93 6.400e-03 102728 86694 1990 13863 0 0 0.88507 1.00000 -6.00 43.00 18.00 1.000000 0 0.00 23.00 5.30 1 
438 700 1.020 105 7.300e-03 90293 68393 2160 11152 8410 69 0.88935 1.00000 -5.00 45.00 17.00 1.000000 1 17.00 20.00 5.70 1 
469 -800 1.015 94 8.300e-03 99909 79302 3110 17212 0 0 0.86760 1.00000 -5.00 40.00 14.00 1.000000 0 0.00 18.00 5.70 1 
564 -800 1.015 92 3.900e-03 87345 59782 3120 24053 0 0 0.88444 1.00000 -5.00 40.00 16.00 1.000000 0 0.00 18.00 6.60 0 
563 800 1.015 107 4.700e-03 97465 54055 2318 23120 17481 194 0.88235 1.00000 -5.00 40.00 18.00 1.000000 1 15.00 20.00 5.60 0 
455 800 1.015 108 1.080e-02 78019 53007 1292 12594 10834 145 0.76741 1.00000 -5.00 40.00 18.00 1.000000 1 15.00 20.00 5.60 1 
385 -1000 1.010 84 1.100e-02 105535 75568 2695 26966 0 0 0.86622 1.00000 -6.00 35.00 15.60 1.000000 0 0.00 0.00 5.60 1 
393 1000 1.010 118 1.490e-02 107658 59933 2616 21987 22422 531 0.75837 1.00000 -5.00 35.00 15.60 1.000000 1 14.00 0.00 5.60 1 
