212 -2.058362888 0 1 0.6151868673 0 1
214 -2.030503048 0.003114793298 14 0.5904936773 0.003667778283 14
215 -2.03462864 0.002987002615 18 0.5862980785 0.003222260596 18
216 -2.035995029 0.001907591015 5 0.5883682577 0.003941851411 5
217 -2.040918275 0 1 0.5964495884 0 1
218 -2.046662057 0.003483671936 13 0.604111507 0.003752988202 13
222 -2.034592474 0.002159261105 15 0.6224484694 0.002708821158 15
235 -2.041522395 0.00293076052 112 0.5918863883 0.004651334062 112
236 -2.041475373 0.002741844507 19 0.5903123897 0.003366251791 19
238 -2.042914051 0.003148708824 7 0.5959928852 0.003064981432 7
247 -2.046040883 0.001585079469 3 0.6150629776 0.003795489074 3
249 -2.04019295 0.001585576925 4 0.5969543666 0.001667435255 4
250 -2.044616298 0.003737573997 35 0.6017906152 0.003660445358 35
251 -2.045809319 0.00419000261 150 0.6008098674 0.004292457593 150
252 -2.046597059 0.002601324525 99 0.6062777619 0.004930300227 99
254 -2.044493965 0.001749531536 10 0.6095716681 0.00159891159 10
255 -2.048260732 0.005246153303 28 0.6085018995 0.005147640792 28
256 -2.052554466 0.002802381675 17 0.6114269478 0.002694508024 17
257 -2.046823834 0.007141081356 20 0.6173940367 0.007410096063 20
258 -2.04130108 0.004626394839 33 0.5939314797 0.01132898341 33
259 -2.041592081 0.003404364836 40 0.5888953096 0.005781076784 40
260 -2.040385801 0.002354988998 16 0.5937020702 0.004051063803 16
261 -2.04176979 0.004154782327 23 0.5962295535 0.005829857638 23
262 -2.042207653 0.003609964872 29 0.6013799864 0.004457166645 29
263 -2.039667069 0.003346644681 21 0.6026416202 0.003288348471 21
264 -2.03952268 0.003955533273 17 0.6035377962 0.002472758218 17
265 -2.041759964 0.003339071069 22 0.6068784057 0.003110445147 22
266 -2.039260287 0 1 0.6109493373 0 1
267 0 0 0 0 0 0
271 0 0 0 0 0 0
272 0 0 0 0 0 0
281 -2.041691661 0.002894070217 15 0.6035207592 0.003372331795 15
282 -2.039104193 0.003640771878 136 0.6031922982 0.003607305978 136
283 -2.036008845 0.003541803969 31 0.6009260867 0.003671159865 31
288 -2.043290005 0 1 0.587490888 0 1
289 -2.040166253 0.004834714424 18 0.5797300231 0.004972342562 18
290 -2.051452016 0.003400813204 22 0.5732244494 0.002981492023 22
291 -2.047722594 0.004262336987 33 0.5710332453 0.004366691287 33
292 -2.029345496 0.003702173512 32 0.5914511349 0.004370555443 32
293 -2.032788097 0.006547855584 145 0.5910812963 0.005064033006 145
294 -2.03254182 0.005577732089 122 0.6175021408 0.009415372427 122
295 -2.033381644 0.005780711087 77 0.6200867973 0.01072407867 77
296 -2.038778939 0.005948564987 124 0.610773234 0.01844657396 124
297 -2.035574215 0.005539592677 54 0.594089725 0.006569754986 54
300 -2.037497835 0.003212095842 51 0.5937419912 0.005353076382 51
301 -2.036130052 0.004058955078 51 0.5962055483 0.006672507678 51
302 -2.035964816 0.003910502628 24 0.598357052 0.003058600242 24
303 -2.039013094 0.002550517541 22 0.5983660248 0.002869364399 22
304 -2.042674838 0.002624341416 25 0.597682307 0.003819381285 25
305 -2.042287347 0.002695402552 28 0.6041103205 0.005056250791 28
306 -2.047193238 0.005145117392 33 0.6067580842 0.003727279382 33
307 -2.048858592 0.003385215384 42 0.6076112452 0.003484588324 42
308 -2.046230077 0.003484071759 46 0.6106039818 0.003371909223 46
309 -2.044640716 0.003517236187 59 0.6144250172 0.003719723727 59
310 -2.045198299 0.004028494367 46 0.6123217175 0.003435899741 46
311 -2.044689627 0.003963942856 42 0.6122596797 0.003237634972 42
312 -2.045787038 0.002798655661 44 0.611410494 0.003016985505 44
313 -2.046084881 0.002804721617 33 0.6147288819 0.00396001448 33
314 -2.045415006 0.003511579762 29 0.6139367136 0.002721722688 29
315 -2.04486666 0.002552228308 28 0.6108076411 0.003255978802 28
316 -2.044949685 0.003680633411 25 0.6116637847 0.003473840048 25
317 -2.044275647 0.003888608283 29 0.6124608698 0.003354695928 29
318 -2.045606146 0.002933448307 37 0.6106835066 0.002412538196 37
319 -2.045193871 0.003792608642 99 0.6115885246 0.003100326381 99
320 -2.045614648 0.003078395239 61 0.6108512886 0.003109774158 61
321 -2.043393472 0.003276601339 87 0.6080362467 0.004322965622 87
322 -2.044238937 0.003803739333 106 0.5993855931 0.004580907665 106
327 -2.0361853 0.007027017079 94 0.6160475023 0.01081383087 94
328 -2.033380257 0.008411340629 166 0.6102411656 0.01012142625 166
329 -2.032189861 0.006841654202 150 0.5920631384 0.01016174058 150
330 -2.033399184 0.006758421285 195 0.596561181 0.01193716426 195
331 -2.034233694 0.006383993674 121 0.6120761711 0.01058747904 121
332 -2.038908138 0.006922705945 121 0.6192098648 0.0102885228 121
333 -2.043523889 0.006415713694 106 0.6112365186 0.01775201169 106
334 -2.040624251 0.005388435809 85 0.5994655441 0.01916348401 85
335 -2.036240284 0.003090807514 69 0.5868640527 0.003310018794 69
336 -2.033527303 0.004254115691 25 0.5939298593 0.006771113052 25
337 -2.038130944 0.005327358726 32 0.5977224191 0.003309184146 32
338 -2.045529121 0.003212636683 220 0.6077087467 0.004903490784 220
339 -2.043908033 0.003052334035 131 0.614826842 0.003014839203 131
340 -2.045013418 0.002827073424 121 0.6150162506 0.00444153878 121
341 -2.04649673 0.003648372869 117 0.6188772709 0.00333721014 117
342 -2.046167955 0.003486833011 157 0.6187337254 0.003179136803 157
343 -2.04455913 0.003891070016 174 0.6127847936 0.004816890961 174
344 -2.042007508 0.00382585261 165 0.5993492215 0.006765076037 165
345 -2.036623437 0.005090810975 237 0.5919608136 0.006427530105 237
346 -2.039463992 0.007409951481 379 0.6048906763 0.01742418866 379
347 -2.031219313 0.007605371159 144 0.6069483477 0.01956378016 144
348 -2.030224662 0.007185596451 78 0.6139087947 0.01144100663 78
349 -2.026908256 0.006748135014 174 0.6167905504 0.01236153249 174
350 -2.036114133 0.008685519469 127 0.5943244448 0.01227907435 127
351 -2.036730275 0.006861278526 186 0.6120927933 0.01413396269 186
352 -2.040532954 0.006200479069 125 0.6005231485 0.02101161392 125
353 -2.040341341 0.004516202671 171 0.5967121278 0.01596106233 171
354 -2.035659164 0.003959913132 167 0.5989181012 0.006232526186 167
355 -2.040027116 0.003021104992 58 0.60013812 0.003176277485 58
356 -2.041466196 0.003300267855 13 0.5964645072 0.002228203192 13
357 -2.041405693 0.003683754742 64 0.6050442547 0.003307072866 64
358 -2.042464691 0.002924265957 48 0.6096661691 0.003916342265 48
359 -2.043117921 0.003156936237 75 0.614177527 0.002689628072 75
360 -2.042200063 0.002322658397 20 0.6160425571 0.002059762987 20
362 -2.045348239 0.003024499218 81 0.6098728192 0.002548421829 81
363 -2.0434387 0.002198045517 49 0.6115227522 0.00276687771 49
364 -2.042021499 0.003089043423 61 0.6082710092 0.004543996075 61
365 -2.043275574 0.002618213225 68 0.6051452525 0.003030992277 68
366 -2.042282925 0.003167424633 60 0.5999615897 0.004373912611 60
367 -2.043434037 0.003337827524 63 0.5966980517 0.003099289394 63
368 -2.040760522 0.004007704353 73 0.5989386691 0.002987205537 73
369 -2.040976996 0.002998985289 101 0.5910901703 0.003081634613 101
370 -2.038313586 0.003259324042 79 0.5920737646 0.003515105939 79
371 -2.036836903 0.00312905444 65 0.5939598439 0.004547051362 65
372 -2.035355606 0.003436288224 87 0.5966249706 0.006047887914 87
373 -2.033139796 0.002999569434 127 0.5990820038 0.004406572736 127
374 -2.036284146 0.003168137919 166 0.5926464616 0.004899297236 166
375 -2.03605189 0.003696596231 111 0.5991160715 0.003805156791 111
376 -2.03547933 0.003128909436 121 0.6026139972 0.004479137374 121
377 -2.033252981 0.003648082773 129 0.5972773051 0.006364745182 129
378 -2.034436707 0.003504715746 110 0.5986114176 0.0036123157 110
379 -2.039956402 0.006866151746 23 0.581957168 0.01112390469 23
380 -2.03545681 0.006224559361 107 0.5958292585 0.01867990377 107
381 -2.036668395 0 1 0.6150382827 0 1
383 -2.036533694 0.004005636769 10 0.5984191377 0.01596701372 10
384 -2.037109722 0.006066182003 53 0.6059995066 0.0194582164 53
385 -2.040180291 0.006467181438 78 0.5895902704 0.009879270998 78
386 -2.037926976 0.006846566798 131 0.5860885444 0.01114566441 131
387 -2.037850451 0.005921972636 215 0.5952345959 0.01750325154 215
388 -2.038241365 0.005143429678 243 0.5971829244 0.01451415127 243
389 -2.035189146 0.002826969487 248 0.5984946075 0.004359566498 248
390 -2.035101784 0.002916435159 91 0.5909524239 0.003888923172 91
391 -2.034957176 0.00327962799 66 0.5926912504 0.003357798341 66
392 -2.034285804 0.003845968401 70 0.6026699231 0.004111614169 70
393 -2.038491529 0.003281995387 110 0.6054390829 0.00674751604 110
394 -2.039793979 0.002461890069 76 0.6023259263 0.003525528179 76
396 -2.039955934 0.004884175618 49 0.5816842772 0.01155479789 49
398 -2.045541754 0.003381538749 76 0.5898653332 0.01780265815 76
399 -2.042790486 0.002834583139 47 0.5801847443 0.003400806726 47
401 -2.041692793 0 1 0.5672565917 0 1
402 -2.043664305 0.003530503237 48 0.5798817016 0.003857810211 48
403 -2.043192429 0.002723864559 30 0.578456071 0.00359945811 30
404 -2.034967779 0.002904709199 41 0.5894284802 0.003789677567 41
407 -2.034798795 0.002107661299 45 0.5812071953 0.003079468747 45
408 -2.033029125 0.001784330792 33 0.5813305811 0.003029087582 33
409 -2.031309982 0.002342241522 32 0.6208334926 0.002873884278 32
410 -2.033780885 0.00332317363 94 0.6138539018 0.004253758573 94
411 -2.03117925 0.005781866954 91 0.600863076 0.006575593437 91
412 -2.029458485 0.006015733245 102 0.6021978779 0.01092236752 102
413 -2.031376211 0.005761566335 106 0.610971373 0.01150463973 106
414 -2.028722853 0.006200853165 103 0.6009396566 0.009411119351 103
415 -2.025134921 0.006866140033 126 0.6005262598 0.01034752954 126
416 -2.030917182 0.004873151678 160 0.6071739123 0.00456206167 160
417 -2.030779262 0.004799992768 119 0.6014271115 0.00414782856 119
418 -2.026692403 0.004374725754 110 0.6022490616 0.005031948363 110
419 -2.028252221 0.006360724158 90 0.5922484702 0.01711606822 90
420 -2.02954671 0.006717948994 92 0.5931281053 0.01030916952 92
421 -2.031559513 0.00655700547 86 0.5974824133 0.006976745073 86
422 -2.034482845 0.006206939673 85 0.601267149 0.009747092678 85
423 -2.033494446 0.002412230034 89 0.610382628 0.003327317033 89
424 -2.033022187 0.002862681449 95 0.6110358271 0.0031031607 95
425 -2.033074532 0.003446378683 108 0.620583983 0.004307116092 108
426 -2.030400016 0.003488492965 119 0.6228761573 0.003286038572 119
427 -2.034211167 0.00353649353 127 0.6196658757 0.003830231602 127
428 -2.036776366 0.002978704169 162 0.5976831177 0.0189496099 162
429 -2.043071815 0.004000714848 171 0.5962124943 0.005194406031 171
430 -2.043140062 0.005326907624 144 0.603431416 0.006091130784 144
431 -2.036079066 0.005840681994 120 0.6136880699 0.005289112266 120
432 -2.037240905 0.003420022054 108 0.618040402 0.003815847854 108
433 -2.038593493 0.003400602998 102 0.6147969207 0.003436384375 102
434 -2.044834352 0.004616385105 117 0.5989112317 0.00501123434 117
435 -2.038436764 0.003775359186 105 0.5805006952 0.004862464358 105
436 -2.033774239 0.003318823551 93 0.5810054934 0.003810876698 93
437 -2.033276774 0.003133742549 91 0.5824307423 0.003693181547 91
438 -2.032935689 0.003306909846 82 0.5843342296 0.003791682657 82
439 -2.024820221 0.00337887104 84 0.5865337705 0.003469968244 84
440 -2.02804268 0.002796605294 81 0.6068654658 0.01670238079 81
441 -2.027045584 0.003166247631 81 0.6129098009 0.005137916569 81
442 -2.025791322 0.003556816125 82 0.6190572949 0.006992624374 82
443 -2.026459299 0.004481733254 84 0.6070854992 0.008714708986 84
444 -2.026220481 0.00546522543 89 0.6015843755 0.00783300507 89
445 -2.020192314 0.003401866367 94 0.6013951928 0.004137378889 94
446 -2.017847554 0.005382024882 101 0.6023995244 0.0052701963 101
447 -2.016456549 0.004650121096 103 0.6077150376 0.003993231738 103
448 -2.019972353 0.005071269437 90 0.6052328588 0.004116450628 90
449 -2.020186799 0.004559065421 88 0.603684242 0.004820611573 88
450 -2.011141981 0.004660435911 50 0.6048767538 0.003729368007 50
451 -2.012709744 0.004575145995 83 0.606126377 0.003844423095 83
452 -2.009970188 0.00416275321 88 0.604553266 0.003633212328 88
453 -2.006991991 0.005473320462 82 0.6007453102 0.008238679402 82
454 -2.0088705 0.006187159851 79 0.5904664908 0.009463631799 79
455 -2.007332513 0.006274674651 80 0.589470002 0.008154205715 80
456 -2.009433071 0.005863025115 80 0.6039011059 0.01171176788 80
457 -2.009537475 0.003496345032 81 0.6151991015 0.004064949721 81
458 -2.009920165 0.002840897262 83 0.6120169214 0.005776419896 83
459 -2.010204721 0.003700430281 98 0.6229687494 0.00416933633 98
460 -2.014172692 0.0029036479 87 0.6200038436 0.004182535693 87
461 -2.015783993 0.00325855439 94 0.6103289744 0.01564039244 94
462 -2.017553537 0.003047898394 82 0.5815182444 0.00450882924 82
463 -2.024337432 0.003742735751 83 0.5906151321 0.00461333142 83
464 -2.023233538 0.003643930125 72 0.5958052447 0.003791323799 72
465 -2.024060841 0.002903137488 35 0.5948440092 0.002403130358 35
466 -2.022849073 0 1 0.596131251 0 1
467 -2.025463941 0.003164909729 75 0.5882458513 0.004989630043 75
468 -2.021096418 0.002541240779 20 0.5857357894 0.002915644779 20
469 -2.020575094 0.004424539642 92 0.5824164434 0.005292592438 92
470 -2.018186194 0.003021059844 87 0.5810171835 0.002971073576 87
471 -2.016910531 0.002857756884 81 0.5809317257 0.002873994656 81
472 -2.014609695 0.003840404895 81 0.5831636626 0.003633359838 81
473 -2.014228998 0.002531643129 79 0.5847470312 0.004311654604 79
474 -2.011631627 0.006542350298 231 0.6064135607 0.01206998107 231
475 -2.011631121 0.006557201694 69 0.5972417724 0.008638213779 69
476 -2.01132464 0.007159815507 124 0.5967072469 0.01074274746 124
477 -2.010267227 0.00708702656 90 0.592875184 0.01035843269 90
478 -2.015265778 0.007147231225 14 0.5846273445 0.005989116152 14
479 -2.003636735 0.00310995192 82 0.6089797482 0.004096043684 82
480 -2.010678725 0.004850825972 83 0.603532177 0.003985966295 83
481 -2.009623736 0.004865543134 75 0.6007581986 0.004059310905 75
482 -2.004754531 0.004410558663 63 0.5981218733 0.004393424905 63
483 -2.001882405 0.005054039686 79 0.5941143964 0.006436265003 79
484 -2.003515155 0.007057695512 110 0.6084174772 0.02282657257 110
485 -2.002092568 0.005817578222 114 0.5980637903 0.01822848466 114
486 -2.000192887 0.00573019 98 0.6138752512 0.02330361912 98
487 -1.99477063 0.002838990142 16 0.5862153319 0.002268002546 16
488 -2.005391137 0.007023575752 76 0.578424769 0.008022487086 76
489 -2.002890634 0.007067225866 104 0.5880546102 0.01020409717 104
490 -2.008116136 0.004578881834 92 0.5850636995 0.01239033152 92
491 -2.007289435 0.005807288878 79 0.5967124673 0.01033474407 79
492 -2.007933755 0.00635247767 63 0.591356484 0.01043323568 63
493 -2.012377183 0.005516832282 283 0.5926177106 0.02062788338 283
494 -2.006693746 0.00795122471 562 0.6012952264 0.009623692737 562
495 -2.002203491 0.003253979326 164 0.6135567878 0.003191069225 164
496 -2.008829351 0.003964938321 163 0.6138232387 0.003357652154 163
497 -2.007633055 0.002768819852 172 0.6107493564 0.003794641661 172
498 -2.002380274 0.003594920544 162 0.6047120686 0.004013024836 162
499 -2.005795426 0.006318792046 181 0.6030968273 0.005943763108 181
500 -2.006808069 0.00726713751 162 0.59384524 0.01050285702 162
501 -2.007311415 0.007825673248 175 0.5797424367 0.008453567093 175
502 -2.005507969 0.007042219477 114 0.6057914165 0.01765629913 114
503 -2.010688622 0.003937891644 71 0.6054781993 0.009859609324 71
504 -2.006516296 0.007997400382 176 0.6175118643 0.008076439744 176
505 -2.003213491 0.008125059102 170 0.6134180533 0.01870537741 170
506 -2.001968178 0.007769773189 169 0.6192232927 0.007510734564 169
507 -2.00125514 0.008286914852 210 0.6046945898 0.009395374339 210
508 -1.999818268 0.007631635463 188 0.5993351906 0.007952710596 188
509 -2.002754347 0.008598214403 189 0.6078926657 0.009551825474 189
510 -1.999394484 0.008247717388 197 0.6148580602 0.008570349013 197
511 -1.996793516 0.004588995853 200 0.6122620915 0.008427194886 200
512 -1.998034341 0.003755995369 203 0.6081241925 0.0100702958 203
513 -2.005046429 0.001655019045 4 0.618807661 0.002129764294 4
514 -2.00354637 0.003444049222 200 0.6185535732 0.004152751147 200
515 -2.01044618 0.006715331594 190 0.5900112903 0.02038547101 190
516 -2.008466984 0.00767767922 119 0.5925150635 0.007894786281 119
517 -2.00238876 0.005092100274 195 0.6090825442 0.006424504324 195
518 -2.005673122 0.003422155968 177 0.6129361948 0.003597877174 177
519 -2.011609752 0.0002039841242 2 0.6052485561 0.001987001326 2
520 -2.008185063 0.003432721817 168 0.6164959176 0.003989135627 168
521 -2.005994793 0.003485363132 262 0.6178658026 0.004500419856 262
522 -2.008142523 0.003560179319 252 0.6119261934 0.004256267628 252
523 -2.00826584 0.00394840367 259 0.6067262114 0.004484391167 259
524 -1.999929273 0.004758921668 264 0.6015744484 0.003921044805 264
525 -1.996587512 0.004441771605 256 0.5950627877 0.005040017958 256
526 -2.002160394 0.006924587025 265 0.5877987636 0.009073458482 265
527 -2.002248704 0.007486161308 237 0.5877612505 0.009379310035 237
528 -2.000985444 0.007299744531 248 0.5922667849 0.01663830544 248
529 -2.002147029 0.007749735617 245 0.5819167912 0.008454359325 245
530 -2.012515993 0.007754409796 262 0.6020039686 0.01440128686 262
531 -2.018097772 0.007774670774 324 0.6164737415 0.01136626316 324
532 -2.020105494 0.006937274349 259 0.622351947 0.009070379445 259
533 -2.017350759 0.007605710564 159 0.6244913277 0.01093493942 159
536 -2.01963164 0.007098671608 77 0.6083304172 0.007059936347 77
537 -2.025874556 0.003678900401 165 0.612548324 0.004843671954 165
538 -2.02371712 0.006030117711 193 0.6019408233 0.01711290819 193
539 -2.023834927 0.003455927484 156 0.5728927632 0.004060356954 156
540 -2.022141914 0.00597852457 172 0.5947628705 0.01879641109 172
541 -2.02204136 0.006932924311 186 0.6087430788 0.01065400782 186
543 -2.009505838 0.007870621961 196 0.6235836501 0.008677999082 196
544 -2.001811088 0.004803240967 60 0.6260560166 0.004285701565 60
545 -2.007244419 0.008134367965 169 0.6116610213 0.007854735968 169
546 -2.005465107 0.008656985429 172 0.6095636903 0.009079404399 172
547 -2.004248398 0.008599120877 177 0.6054896575 0.01033115626 177
548 -2.002453654 0.008767108551 167 0.598447261 0.008256352225 167
549 -2.000631211 0.008250861481 177 0.598588768 0.009180232141 177
550 -1.98457225 0.0204859238 196 0.5991091163 0.01711798077 196
551 -1.99851468 0.0106583763 201 0.6030842703 0.008130975837 201
552 -1.983968114 0.01316645461 206 0.5984364488 0.01132951757 206
553 -2.00723194 0.007677592153 255 0.6047256892 0.02018934123 255
559 -1.990159926 0.005874292862 72 0.6158611874 0.01922004013 72
560 -1.99176428 0.006375576274 88 0.6274730339 0.008234274478 88
561 -1.993065771 0.01449122881 91 0.6110926832 0.006730465784 91
562 -2.00492027 0.004338924406 88 0.6029206847 0.005317995018 88
563 -2.000206456 0.005339791626 100 0.606899366 0.005246919243 100
564 -1.999192063 0.004400699205 92 0.6094307585 0.007191169709 92
565 -2.001516747 0.008162463127 118 0.6162313626 0.01658616122 118
566 -2.001636966 0.006897756058 93 0.6144688455 0.00689997941 93
567 -2.000851101 0.008205359436 88 0.6149971084 0.008180848538 88
568 -2.001162304 0.008294058309 85 0.6102067611 0.009225662311 85
569 -2.003571175 0.004909128992 98 0.6027671576 0.006658330594 98
570 -1.99867444 0.007908666979 114 0.6038036804 0.009338577997 114
571 -1.997291982 0.005036175175 226 0.5968197976 0.004422847701 226
572 -1.989052751 0.00556249283 226 0.5915075665 0.005327965399 226
573 -1.984008127 0.005882462267 62 0.5869792066 0.004871914885 62
574 -1.974460385 0.006335917415 245 0.587827383 0.004349822512 245
575 -1.968512572 0.005551613929 137 0.5895539272 0.005114891383 137
576 -1.960706866 0.006861688374 253 0.5896610577 0.006250478454 253
577 -1.962175144 0.005505103324 140 0.582200234 0.004975420198 140
578 -1.961801535 0.005688623137 188 0.586356835 0.004152912758 188
581 -2.022500823 0.004957671244 77 0.6060965372 0.005184202921 77 1.341536993 0.01238277023 77
582 -2.011425538 0.007488663992 179 0.6080366344 0.00710589179 179 1.323089077 0.01928869907 179
583 -2.002244928 0.002758210311 13 0.6022993622 0.00547057737 13 1.297829336 0.008917980974 13
584 -2.005581157 0.0038070796 13 0.6012520647 0.003896584111 13 1.304766828 0.00957002708 13
588 -2.013006732 0.004681077588 17 0.5946000938 0.004354078913 17 1.331589617 0.007166425407 17
589 -2.006587996 0.003618692501 15 0.5976106411 0.003432895111 15 1.33928997 0.003821257445 15
590 -2.005292156 0.00370848448 22 0.6011531192 0.002969706082 22 1.328860339 0.01071488043 22
591 -2.016232534 0.008065058177 32 0.6048090974 0.005976958104 32 1.321478924 0.0160755799 32
607 -2.023336334 0.004564730949 23 0.5924584984 0.004073173057 23 1.343766661 0.00709323957 23
608 -2.014492691 0.005137870033 286 0.5861059522 0.007229531638 286 1.326196911 0.01582546059 286
609 -2.012232519 0.005489180276 137 0.5847612306 0.005814384176 137 1.320917976 0.01769713238 137
610 -2.00988828 0.007225836926 142 0.587226754 0.007243170303 142 1.336044435 0.02054541326 142
611 -2.008466608 0 1 0.5779510997 0 1 1.314128752 0 1
612 -1.978916743 0.01463636355 18 0.5923857915 0.007525536598 18 1.338924599 0.02609605288 18
613 -1.981310356 0.01327283773 292 0.5887625863 0.008514928056 292 1.342569123 0.02557602511 292
614 -1.994888177 0.01236297388 293 0.5837149533 0.006775387416 293 1.343178057 0.02107450931 293
615 -1.997957661 0.01446561077 171 0.5939210162 0.0079543408 171 1.349023439 0.04021219408 171
616 -2.015201871 0.0101146997 5 0.5971023496 0.006867270237 5 1.340984028 0.009547515988 5
617 -2.019385969 0.004584142978 6 0.5875079819 0.0056237309 6 1.334825066 0.01911800559 6
618 -1.986342214 0.009680922637 202 0.5927530513 0.008121580919 202 1.318331854 0.01969389845 202
619 -2.010042264 0.01069336663 31 0.5931832301 0.01040564635 31 1.353771629 0.01337100508 31
621 -2.012201022 0.008122888992 44 0.5967774272 0.01052017763 44 1.35079022 0.01980781458 44
622 -2.008116482 0.01050316529 161 0.5882270299 0.009584116807 161 1.339164579 0.02478472749 161
623 -2.014074906 0.005628646559 60 0.5852273425 0.004910303953 60 1.337561554 0.02556076822 60
624 -2.016808984 0.005609337215 30 0.5872349452 0.006631724627 30 1.334487912 0.01094867571 30
626 -2.010735895 0.00986447465 347 0.5998785427 0.009527280011 347 1.369803626 0.03229318449 347
627 -2.003514936 0.007515213715 32 0.6013867258 0.01034160124 32 1.33669532 0.0334658174 32
628 -2.013008469 0.009089767174 60 0.5986712683 0.009496194599 60 1.358635455 0.04138060201 60
629 -2.010060629 0.008441191356 55 0.5977267579 0.009337831665 55 1.382078008 0.01222745326 55
630 -2.009240526 0.009307817902 37 0.6003134912 0.009137481396 37 1.345500936 0.04526127221 37
631 -2.008150761 0.00570309679 28 0.5934914391 0.008102189665 28 1.38059758 0.01385714767 28
632 -2.001800002 0.005836575052 26 0.5975979172 0.005592682745 26 1.322596841 0.03753719917 26
633 -2.00702234 0.01249481409 24 0.5962077482 0.01093405791 24 1.383868528 0.01244917796 24
634 -2.008850316 0.006450388632 20 0.5928385128 0.009870486365 20 1.372861881 0.01792454566 20
635 -2.006631482 0.006441660183 20 0.6010383554 0.006027053894 20 1.384360381 0.008707132507 20
636 -2.014651288 0.006386896938 19 0.5828045073 0.005167650123 19 1.371529101 0.01034677878 19
637 -2.014228982 0.01115306824 38 0.5905686398 0.007517804872 38 1.366148543 0.02542489104 38
638 -1.996572354 0.0100141821 20 0.5996438362 0.003501068412 20 1.329485603 0.03905753718 20
639 -2.010143765 0.005612499455 24 0.5891962087 0.004027829051 24 1.373473423 0.009205610806 24
640 -2.009766425 0.007572271668 32 0.5904772437 0.006829258383 32 1.370521958 0.01554929529 32
641 -2.013353164 0.00524198134 30 0.5836664518 0.004216496421 30 1.336556961 0.03830553818 30
643 -2.010022997 0.007870302874 156 0.5911714729 0.007524753586 156 1.328306959 0.0145618525 156
644 -2.008899488 0.006398773294 22 0.5870567979 0.004808261513 22 1.326562072 0.008585400748 22
645 -2.005079924 0.01150795627 264 0.5865080804 0.007012665505 264 1.319628164 0.01465776506 264
646 -2.001311521 0.009407698033 241 0.5853260803 0.007204859183 241 1.323259178 0.01408589994 241
647 -1.995945142 0.008394019509 218 0.5852618927 0.009118396199 218 1.316091195 0.01889451672 218
648 -1.984764723 0.01006869258 224 0.600083879 0.009316924753 224 1.334211266 0.02914776574 224
649 -1.989536945 0.008690193333 257 0.5982634949 0.006505238788 257 1.347129484 0.02266840381 257
650 -1.992969584 0.01031037844 277 0.5954108776 0.008959076234 277 1.333697269 0.03087410042 277
651 -1.992298548 0.0104734929 270 0.5905467085 0.01061589886 270 1.318221049 0.02419746749 270
652 -1.99272218 0.009362063352 108 0.591858898 0.009555763011 108 1.326957476 0.01846268484 108
654 -1.981351793 0.01130111421 217 0.5980142165 0.008876332005 217 1.337262389 0.02125854398 217
655 -1.987169204 0.008415435183 248 0.5988342799 0.007231830437 248 1.35086451 0.02338406525 248
656 -1.989729323 0.009186698861 123 0.5972835918 0.008951140831 123 1.344930912 0.01958465118 123
657 -1.993215569 0.01089699364 119 0.5926058102 0.009988802162 119 1.347670995 0.02606322789 119
658 -1.998114702 0.009655046137 19 0.5973876492 0.00813529459 19 1.341628056 0.04017351873 19
659 -1.99676181 0.006715366076 24 0.5995264712 0.006319747092 24 1.363475358 0.03298205874 24
660 -1.994684171 0.01081256435 147 0.5927078381 0.008182660284 147 1.340901438 0.03298115646 147
661 -1.990556619 0.01260609222 169 0.592659048 0.009991014344 169 1.345218918 0.03217836572 169
662 -1.988559987 0.01048043416 191 0.5922453963 0.007778976741 191 1.351428273 0.02965800509 191
663 -1.983192704 0.01030727586 198 0.585667962 0.007863429093 198 1.349459483 0.0368537464 198
664 -1.990617278 0.01115460896 252 0.5842338174 0.008016187457 252 1.349720002 0.03507811216 252
665 -1.99015254 0.008496560859 332 0.585586797 0.004520173704 332 1.339341036 0.01885696981 332
666 -1.981734031 0.007759994664 253 0.5949804667 0.005056709944 253 1.318340715 0.01584434106 253
667 -1.955963833 0.01328362395 23 0.6008242961 0.004911129159 23 1.331275256 0.007938188675 23
668 -1.968423224 0.009159646417 69 0.6004325691 0.005817430028 69 1.318299954 0.01694920799 69
669 -1.957541601 0.001998728765 7 0.6055277244 0.004730514753 7 1.336116616 0.007456876985 7
670 -1.97711034 0.01262866118 372 0.5979165896 0.008596126914 372 1.334514011 0.02777462517 372
671 -1.955098019 0.01585040426 243 0.6018581769 0.007259842751 243 1.313423792 0.02133112654 243
672 -1.953151949 0.01626815665 184 0.6036437172 0.005828450453 184 1.315881566 0.02040150695 184
673 -1.965797247 0.01755546492 139 0.5978138367 0.006658686021 139 1.312454261 0.0159390267 139
674 -1.984033801 0.008429949123 144 0.5933250862 0.005482459123 144 1.313139857 0.01770038594 144
675 -1.993363599 0.008261681349 149 0.5896125744 0.006119795438 149 1.340507774 0.01138040004 149
677 -2.001614436 0.008710208402 147 0.592186663 0.005596625111 147 1.346058883 0.01263936067 147
678 -2.005452306 0.008518840837 87 0.5858262058 0.006864773297 87 1.32766979 0.01792249642 87
679 -2.003256541 0.008942669739 69 0.587597136 0.005233517554 69 1.349810134 0.01090608426 69
680 -1.983445991 0.005080716718 14 0.5895226057 0.005777455092 14 1.356696463 0.01379723475 14
681 -1.984491376 0.008412423711 48 0.5914670537 0.006906373132 48 1.336805429 0.01641315238 48
682 -1.983452125 0.005000663008 35 0.5846156383 0.006468226548 35 1.332795067 0.01098356383 35
683 -1.988778412 0.003613005102 25 0.5869824454 0.004192989728 25 1.322742331 0.01888684187 25
684 -1.994809329 0.004527095776 20 0.5802106637 0.00481125409 20 1.334095068 0.01362991719 20
685 -1.983190361 0.005031718703 17 0.5835270445 0.00360209512 17 1.306793643 0.007315105835 17
686 -1.984437905 0.004023545874 14 0.5845342291 0.003704038297 14 1.324370139 0.008407019366 14
687 -1.983816263 0.004321048114 13 0.5836525833 0.003124023087 13 1.318057439 0.00591692166 13
688 -1.98721743 0.003558417223 12 0.5838444721 0.003068784233 12 1.31142723 0.01007370246 12
689 -1.98283981 0.002095412714 10 0.5848555584 0.003443167872 10 1.295812169 0.006316409116 10
690 -1.98237728 0.002519561151 9 0.5849872958 0.003119556878 9 1.295635334 0.00735696356 9
691 -1.971815314 0.006413189316 13 0.5910107622 0.002676414402 13 1.32088784 0.02107567149 13
692 -1.985103048 0.004216080217 18 0.5890092025 0.004174424282 18 1.303788013 0.01104884493 18
693 -1.978858562 0.004916087249 22 0.5878591462 0.003102984422 22 1.2996801 0.009849638058 22
694 -1.976217007 0.004298088748 24 0.5890318118 0.00517253962 24 1.303893296 0.006900460408 24
695 -1.983245552 0.0104557728 49 0.5897265452 0.007015629466 49 1.319385802 0.02192089673 49
696 -1.970792147 0.008881732209 22 0.5859147009 0.003842769788 22 1.303024579 0.0110560214 22
697 -1.972209116 0.00370957009 12 0.5841620267 0.003845742892 12 1.311088317 0.01291195131 12
698 -1.985634173 0.003769887284 9 0.5821819238 0.003107777163 9 1.324691382 0.01589950752 9
699 -1.982291825 0.005351852263 6 0.5941470461 0.004190236558 6 1.381799962 0.006382221086 6
700 -1.961430683 0.0103457172 11 0.5868725732 0.003237276656 11 1.354300059 0.005493138049 11
702 -1.990536518 0.00464586851 10 0.5834148961 0.001933927809 10 1.363096777 0.006054088386 10
703 -1.981406382 0.007931056858 12 0.5801943266 0.002320753648 12 1.363870636 0.01255700341 12
704 -1.98884916 0.00288367645 6 0.5829366836 0.002875679598 6 1.351299923 0.01789214808 6
705 -1.965919432 0.008248253853 9 0.5815444638 0.005015186301 9 1.284859806 0.0122325023 9
706 -1.950900587 0.01186921157 9 0.5862135557 0.003333633777 9 1.35329754 0.008913347344 9
707 -1.973208988 0.005571711741 9 0.5869070061 0.001918053872 9 1.369582381 0.008478854887 9
708 -1.97595838 0.006370229549 10 0.5794102587 0.00261649025 10 1.357056805 0.02618515449 10
709 -1.95183635 0.005378756334 11 0.5874099266 0.00358935255 11 1.296831319 0.02443378303 11
710 -1.962820444 0.007341238991 12 0.5852686999 0.003710024074 12 1.364638379 0.01224619953 12
711 -1.975503369 0.01142419406 259 0.5859867594 0.005494026612 259 1.337952738 0.01740922176 259
712 -1.981474657 0.006350022338 14 0.5914049246 0.004144762477 14 1.32699093 0.006530302117 14
713 -1.969909397 0.0100235878 295 0.5978812342 0.006738654092 295 1.31169349 0.01366391015 295
714 -1.950981688 0.01313539335 451 0.6139979433 0.004661906713 451 1.293743898 0.01311860251 451
715 -1.97202072 0.008638848964 232 0.6145423699 0.008917011101 232 1.337311406 0.0214546791 232
716 -1.979514584 0.008047811195 184 0.5956326206 0.004978737122 184 1.328040536 0.02259470779 184
717 -1.966393823 0.003043330399 4 0.5938590939 0.003107206409 4 1.325231719 0.01543533499 4
718 -1.98758622 0.008917773301 150 0.5912437984 0.006431598499 150 1.341934972 0.03053429777 150
720 -1.97188855 0.009778949805 71 0.5920176457 0.009367038556 71 1.319223016 0.03437870191 71
721 -1.986655217 0.004462342918 6 0.5946963154 0.004220228211 6 1.32531411 0.007789483176 6
722 -1.99320247 0.009789409651 163 0.5878642856 0.00749968786 163 1.341106592 0.01145902139 163
723 -1.994639019 0.008327639071 181 0.589137238 0.006488238202 181 1.362379935 0.01061291138 181
724 -1.994294315 0.006901229693 199 0.5934571307 0.00596921377 199 1.361539213 0.01376178406 199
725 -1.993394097 0.00622170837 172 0.5913701701 0.005348058938 172 1.352208151 0.01283269941 172
726 -1.987916804 0.005255230608 128 0.588312302 0.005435732756 128 1.33416323 0.01076750752 128
727 -1.991175033 0.009210516787 114 0.5851398978 0.007152547027 114 1.316883305 0.01268753505 114
728 -1.987327534 0.01070244416 90 0.587632082 0.006589791342 90 1.312339533 0.01373717866 90
729 0 0 0 0 0 0 0 0 0
730 -1.978651278 0.0044413406 12 0.5930742052 0.00347943948 12 1.322505283 0.01319907623 12
731 -1.980093576 0.004024637608 82 0.5907062988 0.005675987349 82 1.332502273 0.01704775644 82
732 -1.981372304 0.00431738277 74 0.5853198154 0.006847764682 74 1.307058176 0.01144412216 74
733 -1.989425439 0.005565155303 77 0.5805692791 0.005275736629 77 1.307003991 0.0176479368 77
734 -1.98126294 0.006966963438 116 0.5828620659 0.005825924893 116 1.308241355 0.01873827968 116
735 -1.984220157 0.006834854017 104 0.5820455794 0.005543617728 104 1.298723549 0.01289210539 104
736 -1.978779398 0.007312257257 163 0.5868320511 0.005627658431 163 1.301086825 0.01619458269 163
737 -1.976884267 0.009048383543 152 0.5895402531 0.01036031479 152 1.330901302 0.02924366527 152
738 -1.977044325 0.008572922915 147 0.5870884242 0.01158690176 147 1.334736015 0.02972253802 147
739 -1.973115404 0.009515411443 65 0.5902425177 0.009841677397 65 1.357098008 0.01731027911 65
740 -1.968449271 0.005792552349 45 0.5945240899 0.006306912333 45 1.350404893 0.04120105008 45
741 -1.98508787 0.006047009416 30 0.5802301649 0.006199810584 30 1.315526203 0.04492517567 30
742 -1.97735398 0.005507595049 21 0.5880895369 0.005388921098 21 1.341885067 0.0387838017 21
743 -1.980530317 0.005308971879 20 0.5916500907 0.004867814157 20 1.320961745 0.03437868406 20
744 -1.993381687 0.008991470637 15 0.5829042285 0.005947739936 15 1.359272642 0.0311236206 15
745 -1.994119267 0.009443469044 10 0.5925304429 0.007386584644 10 1.292759225 0.01585539576 10
746 -1.977861334 0.007123288357 10 0.6001250405 0.003019100239 10 1.366037667 0.01019001664 10
747 -1.966971744 0.01101673626 10 0.5972304198 0.00424029764 10 1.360940539 0.009203228335 10
748 -1.984702274 0.006091016063 10 0.5813444453 0.00563642534 10 1.367832645 0.01058767687 10
749 -1.971984205 0.007715274342 10 0.586856267 0.004093116266 10 1.298377646 0.02244529588 10
750 -1.970953758 0.006431923374 11 0.5918653032 0.003883213228 11 1.370394168 0.009808197254 11
751 -1.974665921 0.01090019536 20 0.5895882696 0.01029574666 20 1.338650308 0.01876911931 20
752 -1.973990491 0.01005433587 30 0.5948579743 0.01186977291 30 1.34288526 0.02613709649 30
753 -1.973596728 0.006659900115 76 0.5916887586 0.007018135201 76 1.337266575 0.03556556653 76
754 -1.975771741 0.01445396502 79 0.5839636545 0.009070320748 79 1.348617825 0.03860048996 79
755 -1.978015833 0.01336717406 64 0.5861905385 0.009188966888 64 1.340171885 0.04230692297 64
756 -1.977167518 0.01436908527 55 0.5827452029 0.01011579328 55 1.343190766 0.04112031336 55
757 0 0 0 0 0 0 0 0 0
758 0 0 0 0 0 0 0 0 0
759 0 0 0 0 0 0 0 0 0
760 -1.995947202 0.01315637482 168 0.5847286926 0.009182238649 168 1.348550756 0.03729432031 168
761 -1.988667997 0.009142648468 68 0.5849992412 0.008228975166 68 1.333491005 0.03516402163 68
763 -1.99256583 0.0100843891 184 0.5865566342 0.008445905978 184 1.354765844 0.03456455767 184
764 -1.98939971 0.01370665091 116 0.5858070702 0.008485303013 116 1.348885492 0.03543559975 116
765 -1.997575096 0.007851704379 21 0.5865586961 0.006095702391 21 1.366893344 0.01114092225 21
766 -1.967005151 0.003876213741 4 0.5989518033 0.006598989673 4 1.392699378 0.003417272104 4
767 -1.982093886 0.01575041554 51 0.5889646167 0.008539294797 51 1.332742406 0.04318321914 51
768 -1.992966371 0.009355937369 30 0.5809994084 0.007919096891 30 1.334292016 0.0470386897 30
769 0 0 0 0 0 0 0 0 0
770 -1.982657567 0 1 0.5882123883 0 1 1.302872547 0 1
771 -1.98912499 0.009896297803 22 0.5852153018 0.007747703487 22 1.308934233 0.04277644663 22
772 -1.969478085 0.01256607323 26 0.5967296104 0.008380242826 26 1.342247802 0.04086545088 26
773 -1.988666336 0.01052920817 26 0.5891981609 0.008731565561 26 1.314482145 0.04603250699 26
774 -1.97323497 0.009507106506 20 0.596634817 0.006262952352 20 1.351737488 0.03877516981 20
775 -1.986477647 0.01099682951 16 0.5894347315 0.007714530874 16 1.332846903 0.04756031627 16
776 -1.955437989 0.005555698367 13 0.5920078759 0.00876006721 13 1.323647617 0.04971230742 13
777 -1.971001075 0.009340220201 11 0.5854655555 0.00477456642 11 1.363017883 0.008399992508 11
778 -1.979057591 0.009006745757 16 0.5881982272 0.004352583677 16 1.310366641 0.03187299541 16
779 -1.969865321 0.01388052848 14 0.5983397665 0.00856231721 14 1.366991083 0.01616808456 14
780 -1.956976715 0.008971342674 11 0.5933674286 0.003468273425 11 1.362147512 0.01435375585 11
781 -1.958097043 0.01006808483 15 0.5848041329 0.004138902677 15 1.299665391 0.01365765897 15
782 -1.959793949 0.005241538969 15 0.5871938467 0.004136759893 15 1.292250125 0.005637386261 15
783 -1.965673121 0.005377014501 15 0.5894405444 0.006448641396 15 1.324533433 0.02222436536 15
784 -1.96504699 0.006143950899 14 0.5860497454 0.003350745126 14 1.309827002 0.01560845372 14
785 -1.973520534 0.007264753631 4 0.5845255347 0.001157512446 4 1.285155749 0.006581500927 4
786 -1.975295898 0.008796486714 47 0.5907287024 0.00561563156 47 1.302435079 0.00999742256 47
787 -1.976027134 0.008391724741 109 0.592354276 0.004497549436 109 1.324401205 0.01268697386 109
